SemiType:0;
Temperature:18;
SampleThickness:0.551;
SampleDiameter:150;
ProbeSpacing:1.59;
FspCorrectionFactor:1.008;
a:5;
b:1;
CurrentErrorBound:10;
ControlVoltages:0.000000,2.502300,2.498200,2.496600,2.496370,2.496340,2.496300,0.244000;
CurrentPosition:3;
VoltageRange:2;
MeasureMode:0;
ControlAlgorithm:1;
